# PSIPRED VFORMAT (S4PRED V1.0)

   1 M C   0.997  0.000  0.002
   2 G C   0.984  0.000  0.016
   3 D C   0.812  0.001  0.187
   4 I E   0.351  0.000  0.648
   5 Q E   0.084  0.000  0.915
   6 V E   0.042  0.000  0.958
   7 Q E   0.021  0.000  0.979
   8 V E   0.019  0.000  0.981
   9 N E   0.021  0.000  0.979
  10 I E   0.053  0.001  0.946
  11 D C   0.559  0.003  0.438
  12 D C   0.631  0.006  0.364
  13 N C   0.969  0.007  0.024
  14 G C   0.964  0.006  0.030
  15 K C   0.819  0.007  0.174
  16 N E   0.127  0.002  0.872
  17 F E   0.100  0.001  0.899
  18 D E   0.087  0.002  0.911
  19 Y E   0.068  0.002  0.929
  20 T E   0.042  0.003  0.955
  21 Y E   0.041  0.002  0.957
  22 T E   0.072  0.002  0.926
  23 V E   0.173  0.003  0.824
  24 T C   0.702  0.003  0.294
  25 T C   0.891  0.014  0.095
  26 E H   0.142  0.854  0.003
  27 S H   0.116  0.882  0.002
  28 E H   0.043  0.956  0.001
  29 L H   0.013  0.986  0.000
  30 Q H   0.006  0.993  0.000
  31 K H   0.005  0.994  0.000
  32 V H   0.005  0.995  0.000
  33 L H   0.003  0.997  0.000
  34 N H   0.003  0.997  0.000
  35 E H   0.004  0.996  0.000
  36 L H   0.010  0.990  0.000
  37 M H   0.023  0.976  0.000
  38 D H   0.025  0.974  0.001
  39 Y H   0.026  0.971  0.003
  40 I H   0.069  0.924  0.007
  41 K H   0.126  0.866  0.008
  42 K H   0.203  0.790  0.007
  43 Q C   0.789  0.208  0.003
  44 G C   0.990  0.008  0.002
  45 A C   0.961  0.007  0.032
  46 K C   0.768  0.005  0.227
  47 R E   0.177  0.004  0.819
  48 V E   0.064  0.002  0.934
  49 R E   0.013  0.001  0.986
  50 I E   0.007  0.000  0.993
  51 S E   0.007  0.000  0.993
  52 I E   0.026  0.001  0.974
  53 T E   0.073  0.001  0.926
  54 A E   0.219  0.007  0.774
  55 R C   0.866  0.006  0.128
  56 T C   0.955  0.012  0.033
  57 K H   0.069  0.930  0.001
  58 K H   0.039  0.960  0.000
  59 E H   0.027  0.973  0.000
  60 A H   0.007  0.993  0.000
  61 E H   0.006  0.994  0.000
  62 K H   0.005  0.995  0.000
  63 F H   0.006  0.994  0.000
  64 A H   0.003  0.997  0.000
  65 A H   0.002  0.997  0.000
  66 I H   0.002  0.997  0.001
  67 L H   0.001  0.998  0.001
  68 I H   0.002  0.998  0.001
  69 K H   0.002  0.998  0.001
  70 V H   0.004  0.995  0.001
  71 F H   0.017  0.981  0.002
  72 A H   0.070  0.927  0.003
  73 E H   0.110  0.886  0.005
  74 L C   0.822  0.171  0.007
  75 G C   0.984  0.002  0.014
  76 Y C   0.925  0.006  0.068
  77 N C   0.618  0.010  0.373
  78 D E   0.140  0.007  0.853
  79 I E   0.037  0.001  0.963
  80 N E   0.007  0.000  0.993
  81 V E   0.006  0.000  0.994
  82 T E   0.006  0.000  0.994
  83 F E   0.024  0.000  0.976
  84 D E   0.336  0.000  0.664
  85 G C   0.954  0.008  0.039
  86 D C   0.815  0.007  0.178
  87 T E   0.061  0.007  0.932
  88 V E   0.039  0.002  0.959
  89 T E   0.022  0.001  0.977
  90 V E   0.020  0.001  0.979
  91 E E   0.048  0.001  0.952
  92 G E   0.068  0.000  0.932
  93 Q E   0.164  0.001  0.835
  94 L C   0.979  0.000  0.020
